000011 742.00 49.00 10.08 37.94
000011 731.00 128.00 10.00 38.24
000011 711.00 58.00 9.00 42.49
000011 760.00 45.00 10.00 38.24
000011 720.00 66.00 9.60 39.84
000011 731.00 127.00 9.60 39.84
000011 911.00 242.00 29.86 12.81
000011 738.00 50.00 10.00 38.24
000011 812.00 55.00 19.01 20.12
000011 800.00 100.00 16.59 23.05
000011 712.00 58.00 9.60 39.84
000011 715.00 47.00 9.60 39.84
000011 738.00 61.00 9.60 39.84
000011 719.00 46.00 9.60 39.84
000011 800.00 100.00 17.28 22.13
000011 753.00 35.00 10.00 38.24
000011 725.00 53.00 9.00 42.49
000011 709.00 71.00 9.00 42.49
000011 711.00 70.00 9.00 42.49
000011 767.00 43.00 11.00 34.77
000011 738.00 61.00 10.00 38.24
000011 742.00 49.00 9.60 39.84
000011 726.00 96.00 8.96 42.69
000011 864.00 211.00 21.50 17.79
000011 742.00 49.00 10.00 38.24
000011 864.00 210.00 23.04 16.60
000011 862.00 209.00 22.46 17.02
000011 785.00 95.00 15.55 24.59
000011 854.00 228.00 22.81 16.77
000011 715.00 47.00 9.00 42.49
000011 787.00 95.00 18.00 21.25
000011 728.00 53.00 10.00 38.24
000011 727.00 92.00 9.60 39.84
000011 710.00 55.00 8.64 44.26
000011 719.00 66.00 9.00 42.49
000011 728.00 42.00 10.00 38.24
000011 791.00 97.00 14.93 25.62
000011 821.00 197.00 21.50 17.79
000011 755.00 46.00 9.00 42.49
000011 314.00 150.00 19.40 19.71
000011 316.00 147.00 19.01 20.12
000011 792.00 97.00 17.97 21.28
000011 702.00 137.00 9.95 38.42
000011 854.00 227.00 22.89 16.71
000011 866.00 209.00 23.89 16.01
000011 720.00 142.00 9.00 42.49
000011 801.00 100.00 17.42 21.96
000011 731.00 52.00 10.00 38.24
000011 791.00 98.00 16.80 22.76
000011 738.00 129.00 10.37 36.89
000011 831.00 190.00 21.50 17.79
000011 735.00 129.00 10.75 35.58
000011 726.00 64.00 10.00 38.24
000011 727.00 42.00 8.40 45.53
000011 742.00 131.00 10.80 35.41
000011 766.00 95.00 10.37 36.89
000011 679.00 88.00 7.00 54.63
000011 764.00 56.00 10.40 36.77
000011 317.00 147.00 20.74 18.44
000011 738.00 130.00 10.37 36.89
000011 319.00 149.00 19.91 19.21
000011 863.00 209.00 20.74 18.44
000011 740.00 135.00 10.37 36.89
000011 323.00 147.00 18.66 20.49
000011 720.00 134.00 8.96 42.69
000011 302.00 149.00 19.01 20.12
000011 793.00 98.00 16.99 22.51
000011 864.00 209.00 24.00 15.94
000011 720.00 66.00 10.08 37.94
000011 770.00 93.00 8.96 42.69
000011 836.00 192.00 22.40 17.07
000011 722.00 143.00 8.29 46.11
000011 324.00 146.00 19.00 20.13
000011 681.00 85.00 6.91 55.33
000011 866.00 209.00 24.88 15.37
000011 754.00 139.00 12.44 30.74
000011 727.00 97.00 9.95 38.42
000011 726.00 146.00 8.96 42.69
000011 739.00 128.00 10.08 37.94
000011 726.00 100.00 8.29 46.11
000011 853.00 226.00 21.50 17.79
000011 786.00 194.00 19.20 19.92
000011 308.00 144.00 18.72 20.43
000011 764.00 57.00 8.98 42.61
000011 754.00 170.00 14.00 27.32
000011 721.00 143.00 8.64 44.26
000011 699.00 144.00 8.71 43.91
000011 728.00 101.00 10.80 35.41
000011 304.00 149.00 19.91 19.21
000011 742.00 133.00 13.14 29.11
000011 713.00 144.00 9.00 42.49
000011 308.00 144.00 19.20 19.92
000011 320.00 149.00 17.92 21.35
000011 749.00 37.00 9.00 42.49
000011 683.00 85.00 7.20 53.12
000011 821.00 199.00 22.81 16.77
000011 316.00 145.00 19.00 20.13
000011 310.00 145.00 20.00 19.12
000011 794.00 216.00 16.80 22.76
000011 702.00 140.00 8.64 44.26
000011 791.00 93.00 11.94 32.02
000011 744.00 134.00 11.94 32.02
000011 721.00 142.00 9.60 39.84
000011 722.00 54.00 9.00 42.49
000011 656.00 142.00 5.00 76.49
000011 739.00 128.00 12.00 31.87
000011 809.00 197.00 17.92 21.35
000011 727.00 147.00 10.75 35.58
000011 697.00 131.00 7.26 52.70
000011 767.00 156.00 10.80 35.41
000011 721.00 143.00 10.08 37.94
000011 780.00 178.00 18.66 20.49
000011 767.00 158.00 12.00 31.87
000011 770.00 164.00 14.40 26.56
000011 774.00 154.00 15.53 24.63
000011 766.00 157.00 11.52 33.20
000011 753.00 182.00 14.52 26.35
000011 749.00 140.00 10.75 35.58
000011 753.00 140.00 8.93 42.84
000011 755.00 139.00 9.80 39.02
000011 714.00 137.00 10.37 36.89
000011 650.00 144.00 6.00 63.74
000011 766.00 157.00 13.82 27.67
000011 763.00 179.00 17.92 21.35
000012 1111.00 120.00 29.03 13.24
000012 1109.00 128.00 28.80 13.35
000012 1002.00 85.00 20.74 18.54
000012 1160.00 134.00 32.35 11.88
000012 1198.00 136.00 34.60 11.11
000012 1001.00 85.00 20.74 18.54
000012 985.00 140.00 20.00 19.22
000012 996.00 61.00 20.40 18.84
000012 1068.00 220.00 28.80 13.35
000012 1001.00 86.00 21.60 17.79
000012 1068.00 220.00 29.03 13.24
000012 1104.00 115.00 28.67 13.41
000012 1115.00 121.00 29.00 13.25
000012 982.00 114.00 20.74 18.54
000012 865.00 58.00 11.00 34.94
000012 846.00 80.00 9.60 40.04
000012 864.00 59.00 12.10 31.78
000012 1101.00 114.00 27.65 13.90
000012 1103.00 124.00 29.03 13.24
000012 989.00 183.00 21.50 17.88
000012 1099.00 113.00 27.60 13.93
000012 1110.00 128.00 28.80 13.35
000012 1057.00 71.00 28.20 13.63
000012 1162.00 134.00 32.64 11.78
000012 1122.00 229.00 32.25 11.92
000012 985.00 140.00 20.16 19.07
000012 864.00 58.00 11.52 33.37
000012 854.00 78.00 10.37 37.07
000012 985.00 142.00 19.91 19.31
000012 996.00 183.00 21.50 17.88
000012 1079.00 236.00 28.67 13.41
000012 1072.00 224.00 29.00 13.25
000012 842.00 72.00 9.00 42.71
000012 1159.00 132.00 30.82 12.47
000012 995.00 62.00 20.74 18.54
000012 1061.00 223.00 27.65 13.90
000012 1000.00 82.00 19.91 19.31
000012 884.00 145.00 13.20 29.12
000012 987.00 140.00 20.74 18.54
000012 993.00 64.00 20.74 18.54
000012 873.00 110.00 12.44 30.89
000012 1112.00 119.00 29.86 12.87
000012 1120.00 229.00 32.35 11.88
000012 980.00 114.00 19.91 19.31
000012 985.00 155.00 20.90 18.39
000012 950.00 154.00 17.92 21.45
000012 982.00 118.00 21.50 17.88
000012 885.00 140.00 14.33 26.82
000012 978.00 145.00 20.40 18.84
000012 1070.00 221.00 28.80 13.35
000012 1125.00 223.00 34.56 11.12
000012 1122.00 235.00 33.12 11.61
000012 863.00 71.00 10.08 38.13
000012 1110.00 128.00 29.00 13.25
000012 996.00 60.00 21.00 18.30
000012 909.00 162.00 13.82 27.80
000012 1123.00 235.00 32.83 11.71
000012 1120.00 228.00 33.18 11.59
000012 995.00 184.00 19.91 19.31
000012 997.00 191.00 20.90 18.39
000012 989.00 197.00 21.50 17.88
000012 1125.00 244.00 32.25 11.92
000012 1107.00 240.00 32.25 11.92
000012 835.00 132.00 10.00 38.44
000012 989.00 162.00 20.00 19.22
000012 864.00 69.00 11.00 34.94
000012 1070.00 225.00 27.65 13.90
000012 1115.00 121.00 31.68 12.13
000012 1101.00 114.00 29.03 13.24
000012 1128.00 238.00 33.18 11.59
000012 1063.00 224.00 26.87 14.30
000012 905.00 128.00 14.93 25.75
000012 1020.00 94.00 26.40 14.56
000012 896.00 130.00 12.96 29.66
000012 987.00 141.00 20.74 18.54
000012 981.00 114.00 20.74 18.54
000012 1070.00 224.00 27.37 14.04
000012 985.00 154.00 17.92 21.45
000012 907.00 129.00 14.33 26.82
000012 842.00 72.00 9.60 40.04
000012 907.00 170.00 14.40 26.69
000012 989.00 135.00 20.74 18.54
000012 888.00 129.00 13.27 28.96
000012 988.00 185.00 20.90 18.39
000012 994.00 185.00 20.90 18.39
000012 1068.00 226.00 28.67 13.41
000012 910.00 147.00 14.33 26.82
000012 935.00 162.00 16.80 22.88
000012 1070.00 225.00 28.80 13.35
000012 1128.00 237.00 33.98 11.31
000012 1124.00 234.00 35.25 10.90
000012 970.00 143.00 17.92 21.45
000012 942.00 172.00 17.92 21.45
000012 896.00 165.00 13.00 29.57
000012 894.00 165.00 13.00 29.57
000012 852.00 78.00 10.00 38.44
000012 1061.00 223.00 28.80 13.35
000012 1115.00 121.00 29.76 12.92
000012 1058.00 71.00 29.38 13.08
000012 879.00 133.00 11.75 32.71
000012 1060.00 223.00 28.00 13.73
000012 855.00 74.00 10.00 38.44
000012 1122.00 226.00 33.60 11.44
000012 1060.00 223.00 27.36 14.05
000012 909.00 171.00 13.82 27.80
000012 890.00 116.00 14.93 25.75
000012 835.00 132.00 10.80 35.59
000012 1070.00 224.00 29.03 13.24
000012 863.00 73.00 12.44 30.89
000012 833.00 135.00 11.00 34.94
000012 829.00 92.00 8.40 45.76
000012 1120.00 226.00 34.56 11.12
000012 990.00 137.00 19.01 20.22
000012 1125.00 223.00 34.56 11.12
000012 1016.00 92.00 22.46 17.11
000012 988.00 134.00 19.91 19.31
000012 992.00 137.00 21.00 18.30
000012 860.00 73.00 10.80 35.59
000012 1123.00 235.00 33.60 11.44
000012 896.00 172.00 14.52 26.48
000012 985.00 154.00 19.91 19.31
000012 950.00 172.00 17.92 21.45
000012 1059.00 36.00 26.00 14.78
000012 895.00 182.00 14.00 27.46
000012 896.00 170.00 14.40 26.69
000012 931.00 161.00 16.99 22.62
000012 975.00 145.00 18.66 20.60
000012 864.00 118.00 10.75 35.76
000012 1060.00 39.00 26.00 14.78
000012 1070.00 226.00 28.80 13.35
000012 988.00 134.00 20.90 18.39
000012 1123.00 230.00 35.83 10.73
000012 976.00 145.00 19.01 20.22
000012 1020.00 94.00 25.92 14.83
000012 854.00 76.00 10.08 38.13
000012 1119.00 230.00 34.56 11.12
000012 902.00 126.00 13.82 27.80
000012 1062.00 224.00 26.96 14.26
000012 1063.00 224.00 27.37 14.04
000012 847.00 83.00 10.00 38.44
000012 833.00 134.00 10.80 35.59
000012 895.00 171.00 12.10 31.78
000012 933.00 150.00 15.55 24.72
000012 1174.00 199.00 35.25 10.90
000012 1055.00 71.00 29.03 13.24
000012 947.00 155.00 17.92 21.45
000012 894.00 163.00 13.44 28.60
000012 978.00 154.00 21.50 17.88
000012 930.00 163.00 16.00 24.02
000012 991.00 137.00 20.40 18.84
000012 991.00 135.00 21.60 17.80
000012 835.00 131.00 11.52 33.37
000012 902.00 126.00 14.52 26.48
000012 903.00 127.00 14.93 25.75
000012 931.00 168.00 16.00 24.02
000012 874.00 123.00 13.82 27.80
000012 1167.00 191.00 37.74 10.18
000012 896.00 159.00 12.44 30.89
000012 1018.00 91.00 27.00 14.24
000012 934.00 168.00 18.00 21.35
000012 945.00 160.00 17.28 22.24
000012 989.00 194.00 21.60 17.80
000012 990.00 194.00 20.74 18.54
000012 892.00 114.00 15.55 24.72
000012 989.00 164.00 20.74 18.54
000012 854.00 78.00 9.60 40.04
000012 892.00 120.00 14.60 26.33
000012 892.00 128.00 16.13 23.83
000012 892.00 119.00 16.13 23.83
000012 894.00 170.00 13.00 29.57
000012 1071.00 227.00 29.00 13.25
000012 1021.00 94.00 27.00 14.24
000012 854.00 76.00 9.60 40.04
000012 1166.00 198.00 37.20 10.33
000012 831.00 135.00 11.52 33.37
000012 935.00 161.00 17.28 22.24
000012 1187.00 211.00 36.29 10.59
000012 799.00 95.00 4.98 77.24
000012 990.00 164.00 22.39 17.16
000012 1167.00 197.00 37.74 10.18
000012 885.00 146.00 14.00 27.46
000012 977.00 146.00 19.00 20.23
000012 933.00 150.00 15.84 24.27
000012 921.00 172.00 16.59 23.17
000012 988.00 197.00 19.91 19.31
000012 896.00 176.00 11.94 32.18
000012 1172.00 191.00 37.00 10.39
000012 1166.00 197.00 37.44 10.27
000012 1106.00 125.00 28.32 13.57
000012 895.00 162.00 13.82 27.80
000012 983.00 193.00 22.39 17.16
000012 985.00 190.00 19.20 20.02
000012 944.00 161.00 16.80 22.88
000012 945.00 159.00 17.28 22.24
000012 1174.00 207.00 33.18 11.59
000012 892.00 190.00 14.33 26.82
000012 1172.00 195.00 37.00 10.39
000012 1175.00 196.00 36.29 10.59
000012 896.00 180.00 12.44 30.89
000012 933.00 151.00 16.59 23.17
000012 918.00 159.00 14.93 25.75
000012 892.00 115.00 16.00 24.02
000012 894.00 181.00 12.00 32.03
000012 1185.00 212.00 36.00 10.68
000012 952.00 187.00 17.04 22.56
000012 1182.00 216.00 36.29 10.59
000012 896.00 182.00 12.44 30.89
000012 864.00 196.00 12.00 32.03
000012 987.00 190.00 21.00 18.30
000012 893.00 114.00 15.60 24.64
000012 987.00 159.00 20.74 18.54
000012 933.00 160.00 16.59 23.17
000012 810.00 133.00 7.17 53.64
000012 986.00 195.00 21.00 18.30
000012 835.00 88.00 9.00 42.71
000012 888.00 128.00 15.60 24.64
000012 919.00 163.00 13.92 27.61
000012 919.00 161.00 14.98 25.67
000012 791.00 138.00 5.18 74.15
000012 941.00 177.00 15.76 24.39
000012 989.00 162.00 20.40 18.84
000012 868.00 169.00 11.60 33.14
000013 736.00 183.00 44.64 8.49
000013 816.00 264.00 37.32 10.15
000013 851.00 274.00 39.81 9.51
000013 732.00 274.00 44.79 8.46
000013 699.00 212.00 44.79 8.46
000013 850.00 272.00 39.40 9.61
000013 738.00 179.00 44.79 8.46
000013 839.00 263.00 38.82 9.76
000013 812.00 256.00 38.40 9.86
000013 742.00 284.00 43.20 8.77
000013 831.00 244.00 39.42 9.61
000013 805.00 253.00 38.00 9.97
000013 736.00 177.00 45.00 8.42
000013 811.00 259.00 37.32 10.15
000013 677.00 168.00 44.40 8.53
000013 714.00 287.00 43.20 8.77
000013 677.00 294.00 44.93 8.43
000013 687.00 200.00 41.80 9.06
000013 684.00 179.00 44.79 8.46
000013 739.00 179.00 43.20 8.77
000013 821.00 259.00 37.32 10.15
000013 840.00 179.00 39.00 9.71
000013 821.00 263.00 37.20 10.18
000013 805.00 252.00 37.44 10.12
000013 854.00 263.00 39.74 9.53
000013 738.00 218.00 44.93 8.43
000013 711.00 286.00 43.55 8.70
000013 727.00 281.00 44.79 8.46
000013 854.00 260.00 38.82 9.76
000013 674.00 255.00 45.00 8.42
000013 849.00 269.00 39.81 9.51
000013 732.00 197.00 44.79 8.46
000013 824.00 251.00 38.82 9.76
000013 650.00 166.00 44.00 8.61
000013 844.00 268.00 40.32 9.39
000013 674.00 200.00 44.93 8.43
000013 806.00 251.00 38.82 9.76
000013 726.00 275.00 44.79 8.46
000013 736.00 191.00 44.40 8.53
000013 739.00 223.00 43.20 8.77
000013 672.00 251.00 44.64 8.49
000013 736.00 178.00 43.20 8.77
000013 650.00 280.00 43.20 8.77
000013 738.00 216.00 43.55 8.70
000013 852.00 261.00 39.40 9.61
000013 678.00 292.00 45.62 8.30
000013 849.00 231.00 39.81 9.51
000013 736.00 179.00 43.20 8.77
000013 726.00 280.00 43.55 8.70
000013 687.00 202.00 42.30 8.95
000013 831.00 229.00 37.32 10.15
000013 742.00 274.00 44.79 8.46
000013 681.00 212.00 44.79 8.46
000013 645.00 206.00 44.79 8.46
000013 830.00 230.00 38.82 9.76
000013 741.00 269.00 41.80 9.06
000013 840.00 176.00 39.00 9.71
000013 832.00 226.00 38.40 9.86
000013 829.00 230.00 37.44 10.12
000013 674.00 202.00 44.64 8.49
000013 821.00 266.00 37.44 10.12
000013 810.00 226.00 38.02 9.96
000013 644.00 204.00 42.30 8.95
000013 738.00 191.00 44.79 8.46
000013 806.00 247.00 35.83 10.57
000013 713.00 283.00 42.80 8.85
000013 812.00 257.00 38.02 9.96
000013 383.00 251.00 42.30 8.95
000013 671.00 158.00 43.20 8.77
000013 741.00 213.00 42.51 8.91
000013 726.00 282.00 43.20 8.77
000013 712.00 287.00 43.20 8.77
000013 680.00 166.00 43.55 8.70
000013 848.00 230.00 39.40 9.61
000013 659.00 291.00 44.79 8.46
000013 709.00 286.00 42.30 8.95
000013 851.00 248.00 35.83 10.57
000013 848.00 266.00 38.82 9.76
000013 738.00 190.00 43.00 8.81
000013 670.00 204.00 43.00 8.81
000013 810.00 226.00 39.41 9.61
000013 811.00 223.00 37.20 10.18
000013 805.00 252.00 37.20 10.18
000013 844.00 269.00 38.60 9.81
000013 672.00 251.00 44.40 8.53
000013 811.00 225.00 37.44 10.12
000013 809.00 226.00 37.32 10.15
000013 737.00 189.00 43.96 8.62
000013 745.00 215.00 46.58 8.13
000013 692.00 201.00 46.58 8.13
000013 684.00 179.00 46.58 8.13
000013 807.00 252.00 39.74 9.53
000013 674.00 209.00 44.79 8.46
000013 818.00 254.00 38.82 9.76
000013 831.00 229.00 39.42 9.61
000013 373.00 251.00 43.00 8.81
000013 836.00 239.00 38.40 9.86
000013 650.00 166.00 44.40 8.53
000013 673.00 254.00 44.40 8.53
000013 835.00 232.00 38.88 9.74
000013 832.00 228.00 38.36 9.87
000013 829.00 232.00 38.40 9.86
000013 835.00 233.00 38.40 9.86
000013 737.00 219.00 43.20 8.77
000013 826.00 240.00 38.02 9.96
000013 840.00 265.00 37.32 10.15
000013 672.00 168.00 43.55 8.70
000013 734.00 291.00 44.79 8.46
000013 672.00 169.00 44.79 8.46
000013 744.00 284.00 44.79 8.46
000013 806.00 251.00 37.32 10.15
000013 373.00 254.00 41.80 9.06
000013 850.00 242.00 39.00 9.71
000013 675.00 202.00 46.20 8.20
000013 707.00 237.00 43.20 8.77
000013 742.00 282.00 43.55 8.70
000013 814.00 263.00 37.44 10.12
000013 809.00 270.00 38.02 9.96
000013 738.00 178.00 45.62 8.30
000013 682.00 209.00 45.62 8.30
000013 684.00 212.00 47.28 8.01
000013 737.00 287.00 44.00 8.61
000013 807.00 251.00 39.40 9.61
000013 373.00 276.00 42.30 8.95
000013 744.00 215.00 47.78 7.93
000013 679.00 166.00 43.20 8.77
000013 652.00 211.00 43.00 8.81
000013 715.00 286.00 45.40 8.34
000013 827.00 238.00 37.80 10.02
000013 737.00 220.00 44.40 8.53
000013 832.00 228.00 38.88 9.74
000013 646.00 206.00 43.20 8.77
000013 382.00 251.00 41.80 9.06
000013 848.00 229.00 38.88 9.74
000013 821.00 261.00 38.02 9.96
000013 744.00 179.00 45.20 8.38
000013 736.00 220.00 44.00 8.61
000013 715.00 286.00 43.20 8.77
000013 736.00 291.00 43.20 8.77
000013 812.00 256.00 37.44 10.12
000013 742.00 285.00 43.20 8.77
000013 679.00 164.00 44.79 8.46
000013 647.00 279.00 42.30 8.95
000013 376.00 244.00 43.00 8.81
000013 848.00 230.00 39.74 9.53
000013 672.00 162.00 44.58 8.50
000013 706.00 230.00 45.50 8.32
000013 850.00 245.00 39.40 9.61
000013 736.00 284.00 41.89 9.04
000013 734.00 290.00 43.55 8.70
000013 737.00 179.00 42.30 8.95
000013 673.00 251.00 45.00 8.42
000013 736.00 190.00 44.93 8.43
000013 823.00 251.00 39.40 9.61
000013 821.00 266.00 38.82 9.76
000013 727.00 186.00 43.00 8.81
000013 840.00 179.00 39.60 9.57
000013 850.00 243.00 39.17 9.67
000013 708.00 236.00 44.64 8.49
000013 365.00 228.00 44.93 8.43
000013 806.00 234.00 37.20 10.18
000013 370.00 233.00 43.20 8.77
000013 681.00 209.00 45.96 8.24
000013 850.00 242.00 39.60 9.57
000013 819.00 264.00 38.02 9.96
000013 368.00 230.00 44.40 8.53
000013 397.00 270.00 43.20 8.77
000013 740.00 194.00 44.93 8.43
000013 376.00 241.00 42.30 8.95
000013 729.00 188.00 44.79 8.46
000013 437.00 215.00 43.00 8.81
000013 378.00 243.00 44.40 8.53
000013 836.00 234.00 38.00 9.97
000013 737.00 292.00 43.20 8.77
000013 683.00 168.00 45.36 8.35
000013 738.00 292.00 44.00 8.61
000013 674.00 161.00 43.40 8.73
000013 376.00 242.00 41.80 9.06
000013 378.00 242.00 43.92 8.62
000013 672.00 169.00 43.20 8.77
000013 817.00 263.00 37.32 10.15
000013 672.00 164.00 41.80 9.06
000013 699.00 211.00 43.00 8.81
000013 736.00 281.00 44.00 8.61
000013 703.00 222.00 44.20 8.57
000013 366.00 234.00 43.20 8.77
000013 371.00 233.00 43.20 8.77
000013 373.00 270.00 43.20 8.77
000013 375.00 251.00 44.00 8.61
000013 368.00 231.00 44.00 8.61
000013 299.00 224.00 37.32 10.15
000013 312.00 215.00 39.42 9.61
000013 672.00 170.00 43.20 8.77
000013 301.00 225.00 35.71 10.61
000013 705.00 230.00 45.62 8.30
000013 674.00 165.00 43.00 8.81
000013 365.00 225.00 45.00 8.42
000013 367.00 266.00 43.20 8.77
000014 390.00 222.00 18.72 20.23
000014 391.00 220.00 19.20 19.73
000014 344.00 166.00 20.74 18.27
000014 290.00 165.00 21.50 17.62
000014 390.00 222.00 19.20 19.73
000014 344.00 172.00 21.50 17.62
000014 297.00 124.00 23.04 16.44
000014 324.00 181.00 23.04 16.44
000014 294.00 179.00 23.04 16.44
000014 349.00 129.00 21.00 18.04
000014 391.00 223.00 20.00 18.94
000014 289.00 121.00 23.00 16.47
000014 292.00 164.00 22.80 16.61
000014 280.00 168.00 22.81 16.61
000014 334.00 109.00 21.60 17.54
000014 294.00 178.00 22.46 16.86
000014 317.00 184.00 21.60 17.54
000014 280.00 169.00 22.46 16.86
000014 344.00 165.00 21.00 18.04
000014 324.00 181.00 22.80 16.61
000014 529.00 128.00 8.96 42.29
000014 537.00 161.00 10.75 35.24
000014 337.00 190.00 21.60 17.54
000014 337.00 188.00 22.46 16.86
000014 553.00 195.00 12.10 31.32
000014 323.00 180.00 22.46 16.86
000014 292.00 164.00 22.81 16.61
000014 332.00 184.00 22.00 17.22
000014 349.00 128.00 20.40 18.57
000014 354.00 137.00 20.74 18.27
000014 382.00 131.00 20.74 18.27
000014 361.00 126.00 20.74 18.27
000014 279.00 169.00 22.39 16.91
000014 698.00 203.00 12.00 31.57
000014 697.00 201.00 12.00 31.57
000014 698.00 203.00 12.96 29.23
000014 487.00 197.00 17.32 21.87
000014 397.00 131.00 11.94 31.71
000014 548.00 158.00 7.17 52.86
000014 405.00 215.00 17.92 21.14
000014 392.00 220.00 20.00 18.94
000014 288.00 178.00 22.80 16.61
000014 526.00 131.00 10.08 37.58
000014 390.00 222.00 18.66 20.30
000014 485.00 199.00 16.42 23.06
000014 358.00 164.00 22.39 16.91
000014 398.00 222.00 17.92 21.14
000014 696.00 186.00 12.00 31.57
000014 281.00 168.00 22.00 17.22
000014 344.00 166.00 20.16 18.79
000014 111.00 308.00 48.96 7.74
000014 337.00 189.00 21.60 17.54
000014 309.00 123.00 22.46 16.86
000014 309.00 122.00 22.81 16.61
000014 289.00 144.00 23.00 16.47
000014 274.00 193.00 22.00 17.22
000014 524.00 131.00 10.40 36.42
000014 698.00 203.00 12.00 31.57
000014 343.00 108.00 20.40 18.57
000014 355.00 137.00 21.60 17.54
000014 281.00 168.00 21.60 17.54
000014 543.00 161.00 6.91 54.80
000014 284.00 167.00 22.39 16.91
000014 294.00 177.00 22.39 16.91
000014 308.00 122.00 21.50 17.62
000014 112.00 307.00 49.20 7.70
000014 526.00 127.00 7.20 52.61
000014 305.00 71.00 23.04 16.44
000014 498.00 212.00 15.84 23.91
000014 696.00 204.00 12.10 31.32
000014 689.00 202.00 12.10 31.32
000014 695.00 203.00 10.37 36.53
000014 695.00 195.00 12.44 30.45
000014 342.00 168.00 20.74 18.27
000014 251.00 131.00 22.81 16.61
000014 558.00 185.00 11.94 31.71
000014 400.00 224.00 17.92 21.14
000014 550.00 153.00 7.00 54.11
000014 313.00 178.00 22.46 16.86
000014 359.00 164.00 20.74 18.27
000014 403.00 226.00 19.91 19.03
000014 530.00 172.00 10.75 35.24
000014 494.00 204.00 14.33 26.43
000014 279.00 187.00 22.00 17.22
000014 527.00 135.00 10.00 37.88
000014 695.00 194.00 12.00 31.57
000014 282.00 191.00 22.00 17.22
000014 343.00 108.00 20.16 18.79
000014 534.00 185.00 10.37 36.53
000014 550.00 204.00 12.44 30.45
000014 372.00 144.00 21.00 18.04
000014 274.00 55.00 23.00 16.47
000014 314.00 116.00 22.00 17.22
000014 532.00 188.00 10.80 35.07
000014 343.00 166.00 20.40 18.57
000014 281.00 168.00 21.60 17.54
000014 318.00 185.00 22.80 16.61
000014 382.00 81.00 18.66 20.30
000014 402.00 226.00 18.66 20.30
000014 312.00 140.00 22.00 17.22
000014 246.00 133.00 23.00 16.47
000014 696.00 173.00 11.52 32.88
000014 696.00 196.00 12.96 29.23
000014 531.00 127.00 8.64 43.84
000014 281.00 173.00 23.04 16.44
000014 311.00 140.00 21.60 17.54
000014 470.00 209.00 17.42 21.75
000014 555.00 186.00 10.75 35.24
000014 412.00 122.00 17.92 21.14
000014 552.00 203.00 13.00 29.14
000014 275.00 192.00 22.46 16.86
000014 529.00 191.00 10.37 36.53
000014 694.00 204.00 12.44 30.45
000014 520.00 188.00 8.96 42.29
000014 520.00 186.00 10.75 35.24
000014 269.00 168.00 21.50 17.62
000014 338.00 109.00 21.00 18.04
000014 332.00 112.00 22.00 17.22
000014 270.00 107.00 22.80 16.61
000014 325.00 126.00 22.80 16.61
000014 553.00 157.00 7.20 52.61
000014 525.00 131.00 10.37 36.53
000014 709.00 162.00 7.46 50.74
000014 547.00 182.00 8.29 45.67
000014 520.00 189.00 9.95 38.06
000014 550.00 154.00 7.46 50.74
000014 291.00 164.00 22.39 16.91
000014 469.00 209.00 17.92 21.14
000014 493.00 197.00 14.93 25.37
000014 553.00 194.00 13.20 28.70
000014 491.00 203.00 15.60 24.28
000014 550.00 154.00 6.91 54.80
000014 530.00 126.00 10.37 36.53
000014 402.00 222.00 18.66 20.30
000014 537.00 197.00 12.44 30.45
000014 281.00 190.00 21.60 17.54
000014 536.00 184.00 12.00 31.57
000014 530.00 198.00 10.80 35.07
000014 382.00 82.00 18.72 20.23
000014 348.00 128.00 20.16 18.79
000014 312.00 179.00 23.04 16.44
000014 693.00 203.00 11.94 31.71
000014 690.00 173.00 11.94 31.71
000014 709.00 161.00 7.17 52.86
000014 325.00 126.00 22.00 17.22
000014 551.00 187.00 13.00 29.14
000014 510.00 206.00 13.20 28.70
000014 382.00 116.00 20.40 18.57
000014 553.00 194.00 12.96 29.23
000014 539.00 171.00 11.52 32.88
000014 475.00 210.00 19.01 19.93
000014 501.00 206.00 13.82 27.40
000014 549.00 158.00 8.96 42.29
000014 492.00 209.00 16.80 22.55
000014 270.00 166.00 22.00 17.22
000014 403.00 226.00 19.01 19.93
000014 695.00 173.00 12.10 31.32
000014 543.00 160.00 8.29 45.67
000014 166.00 297.00 41.47 9.13
000014 526.00 176.00 11.94 31.71
000014 692.00 201.00 10.75 35.24
000014 310.00 58.00 23.00 16.47
000014 554.00 161.00 6.80 55.70
000014 498.00 212.00 15.60 24.28
000014 317.00 70.00 22.80 16.61
000014 287.00 170.00 23.04 16.44
000014 707.00 168.00 10.66 35.55
000014 536.00 188.00 10.37 36.53
000014 548.00 181.00 8.64 43.84
000014 294.00 164.00 24.19 15.66
000014 527.00 131.00 10.37 36.53
000014 500.00 205.00 14.52 26.10
000014 525.00 177.00 9.95 38.06
000014 696.00 161.00 11.94 31.71
000014 459.00 211.00 13.74 27.58
000014 343.00 108.00 20.00 18.94
000014 683.00 157.00 13.00 29.14
000014 394.00 134.00 19.60 19.33
000014 498.00 203.00 15.84 23.91
000014 553.00 161.00 7.20 52.61
000014 550.00 153.00 7.20 52.61
000014 354.00 137.00 20.16 18.79
000014 682.00 162.00 12.03 31.50
000014 555.00 197.00 11.94 31.71
000014 687.00 152.00 8.96 42.29
000014 366.00 183.00 20.00 18.94
000014 318.00 185.00 23.00 16.47
000014 317.00 66.00 21.00 18.04
000014 542.00 161.00 7.20 52.61
000014 686.00 190.00 13.20 28.70
000014 311.00 139.00 20.40 18.57
000014 494.00 197.00 15.26 24.82
000014 552.00 186.00 12.96 29.23
000014 547.00 209.00 11.75 32.24
000014 245.00 137.00 22.81 16.61
000014 504.00 207.00 14.40 26.30
000014 531.00 126.00 7.80 48.56
000014 324.00 182.00 23.00 16.47
000014 287.00 170.00 22.80 16.61
000014 524.00 175.00 10.37 36.53
000014 535.00 189.00 10.37 36.53
000014 684.00 197.00 11.94 31.71
000014 382.00 82.00 19.00 19.94
000014 683.00 157.00 11.76 32.21
000014 710.00 161.00 7.26 52.19
000014 168.00 301.00 39.40 9.61
000014 531.00 131.00 10.37 36.53
000014 445.00 218.00 16.92 22.39
000014 548.00 179.00 14.33 26.43
000014 534.00 192.00 10.08 37.58
000014 697.00 186.00 12.96 29.23
000014 696.00 187.00 12.10 31.32
000014 309.00 138.00 20.74 18.27
000014 498.00 207.00 17.42 21.75
000014 689.00 172.00 9.95 38.06
000014 711.00 161.00 8.96 42.29
000014 322.00 125.00 25.08 15.10
000014 681.00 161.00 10.75 35.24
000014 541.00 182.00 12.00 31.57
000014 356.00 138.00 22.00 17.22
000014 526.00 133.00 10.60 35.73
000014 470.00 108.00 16.40 23.10
000014 275.00 192.00 22.80 16.61
000014 409.00 119.00 18.00 21.04
000014 689.00 171.00 11.23 33.72
000014 696.00 186.00 10.80 35.07
000014 310.00 58.00 24.00 15.78
000014 370.00 124.00 20.40 18.57
000014 553.00 159.00 6.91 54.80
000014 550.00 162.00 6.91 54.80
000014 280.00 190.00 22.46 16.86
000014 529.00 190.00 10.37 36.53
000014 713.00 161.00 8.64 43.84
000014 542.00 157.00 7.20 52.61
000014 382.00 83.00 18.00 21.04
000014 684.00 189.00 10.08 37.58
000014 528.00 189.00 10.08 37.58
000014 695.00 162.00 12.10 31.32
000014 358.00 164.00 19.01 19.93
000014 525.00 178.00 10.37 36.53
000014 375.00 116.00 21.00 18.04
000014 380.00 80.00 19.00 19.94
000014 711.00 161.00 11.16 33.94
000014 494.00 197.00 15.60 24.28
000014 543.00 157.00 6.91 54.80
000014 310.00 139.00 22.00 17.22
000014 527.00 185.00 11.00 34.44
000014 529.00 188.00 11.00 34.44
000014 543.00 161.00 8.00 47.35
000014 528.00 126.00 10.80 35.07
000014 683.00 196.00 12.00 31.57
000014 540.00 196.00 12.00 31.57
000014 732.00 257.00 14.93 25.37
000014 660.00 152.00 8.96 42.29
000014 554.00 157.00 8.00 47.35
000014 498.00 203.00 16.80 22.55
000014 707.00 169.00 13.20 28.70
000014 539.00 172.00 12.00 31.57
000014 553.00 181.00 12.96 29.23
000014 279.00 189.00 22.39 16.91
000014 681.00 161.00 11.45 33.09
000014 702.00 154.00 14.33 26.43
000014 410.00 119.00 18.00 21.04
000014 308.00 55.00 23.00 16.47
000014 251.00 158.00 23.04 16.44
000014 543.00 157.00 7.20 52.61
000014 520.00 192.00 12.10 31.32
000014 539.00 195.00 13.82 27.40
000014 697.00 162.00 14.52 26.10
000014 549.00 164.00 7.20 52.61
000014 275.00 192.00 23.04 16.44
000014 539.00 187.00 12.10 31.32
000014 532.00 131.00 10.37 36.53
000015 799.00 111.00 10.08 38.13
000015 800.00 112.00 10.80 35.59
000015 800.00 112.00 10.37 37.07
000015 800.00 119.00 10.37 37.07
000015 800.00 120.00 10.80 35.59
000015 798.00 112.00 10.37 37.07
000015 985.00 102.00 37.32 10.30
000015 764.00 39.00 5.00 76.87
000015 984.00 102.00 37.44 10.27
000015 985.00 102.00 38.02 10.11
000015 775.00 110.00 10.20 37.68
000015 776.00 118.00 10.37 37.07
000015 799.00 120.00 10.08 38.13
000015 763.00 73.00 6.22 61.79
000015 702.00 159.00 4.98 77.23
000015 499.00 115.00 28.80 13.35
000015 808.00 47.00 9.60 40.04
000015 762.00 121.00 7.20 53.39
000015 799.00 112.00 9.95 38.62
000015 763.00 120.00 7.20 53.38
000015 982.00 88.00 37.44 10.27
000015 983.00 85.00 37.32 10.30
000015 984.00 103.00 38.00 10.12
000015 694.00 59.00 6.60 58.24
000015 775.00 111.00 7.20 53.38
000015 439.00 119.00 40.00 9.61
000015 498.00 115.00 28.80 13.35
000015 499.00 114.00 29.38 13.08
000015 702.00 167.00 4.98 77.23
000015 795.00 115.00 7.17 53.64
000015 792.00 49.00 8.40 45.76
000015 982.00 89.00 37.20 10.33
000015 691.00 180.00 5.18 74.15
000015 500.00 117.00 29.00 13.25
000015 797.00 116.00 8.96 42.91
000015 785.00 149.00 9.00 42.71
000015 983.00 100.00 36.33 10.58
000015 702.00 158.00 5.97 64.36
000015 783.00 62.00 7.20 53.38
000015 475.00 107.00 35.83 10.73
000015 712.00 98.00 4.90 78.51
000015 983.00 85.00 37.67 10.20
000015 712.00 100.00 4.98 77.24
000015 469.00 122.00 35.83 10.73
000015 696.00 175.00 5.18 74.15
000015 776.00 116.00 8.96 42.91
000015 778.00 115.00 7.17 53.64
000015 692.00 177.00 5.00 76.87
000015 808.00 45.00 10.08 38.13
000015 776.00 111.00 10.37 37.07
000015 804.00 38.00 9.00 42.71
000015 782.00 56.00 8.40 45.76
000015 793.00 55.00 9.60 40.04
000015 600.00 176.00 8.96 42.91
000015 633.00 188.00 8.96 42.91
000015 676.00 188.00 5.00 76.87
000015 469.00 122.00 34.80 11.05
000015 782.00 151.00 8.40 45.76
000015 764.00 71.00 6.91 55.61
000015 469.00 122.00 35.67 10.78
000015 902.00 51.00 24.00 16.02
000015 777.00 148.00 8.00 48.05
000015 780.00 60.00 8.64 44.49
000015 781.00 60.00 8.64 44.49
000015 764.00 120.00 8.00 48.05
000015 776.00 118.00 10.37 37.07
000015 440.00 95.00 39.81 9.65
000015 690.00 182.00 8.96 42.91
000015 784.00 63.00 7.00 54.91
000015 788.00 44.00 7.40 51.94
000015 782.00 151.00 8.64 44.49
000015 762.00 121.00 6.91 55.61
000015 776.00 112.00 10.37 37.07
000015 659.00 172.00 4.98 77.24
000015 702.00 167.00 5.97 64.36
000015 746.00 155.00 8.96 42.91
000015 668.00 187.00 5.00 76.87
000015 784.00 62.00 7.20 53.38
000015 438.00 115.00 40.80 9.42
000015 468.00 132.00 34.84 11.03
000015 763.00 68.00 6.20 62.00
000015 785.00 149.00 9.60 40.04
000015 854.00 126.00 13.82 27.80
000015 750.00 156.00 6.91 55.61
000015 703.00 159.00 6.34 60.66
000015 608.00 147.00 10.37 37.07
000015 607.00 147.00 9.95 38.62
000015 445.00 120.00 38.20 10.06
000015 601.00 175.00 8.64 44.49
000015 462.00 126.00 35.25 10.90
000015 798.00 118.00 10.37 37.07
000015 746.00 157.00 7.46 51.49
000015 783.00 152.00 8.00 48.05
000015 437.00 116.00 40.00 9.61
000015 781.00 61.00 8.40 45.76
000015 854.00 131.00 14.40 26.69
000015 793.00 56.00 8.64 44.49
000015 852.00 127.00 12.96 29.66
000015 632.00 187.00 7.46 51.49
000015 983.00 89.00 39.00 9.86
000015 773.00 157.00 6.48 59.32
000015 460.00 126.00 36.63 10.49
000015 632.00 187.00 8.29 46.34
000015 442.00 108.00 38.57 9.97
000015 487.00 118.00 28.67 13.41
000015 855.00 132.00 14.00 27.46
000015 588.00 168.00 7.17 53.64
000015 852.00 127.00 13.00 29.57
000015 801.00 49.00 10.08 38.13
000015 795.00 147.00 10.75 35.76
000015 473.00 108.00 34.80 11.05
000015 461.00 121.00 38.36 10.02
000015 473.00 104.00 35.25 10.90
000015 819.00 147.00 10.37 37.07
000015 696.00 177.00 5.00 76.87
000015 855.00 123.00 13.82 27.80
000015 779.00 154.00 8.64 44.49
000015 787.00 47.00 8.40 45.76
000015 472.00 108.00 34.56 11.12
000015 440.00 116.00 39.40 9.76
000015 818.00 146.00 14.43 26.63
000015 750.00 155.00 6.00 64.06
000015 634.00 187.00 8.64 44.49
000015 779.00 156.00 8.64 44.49
000015 439.00 120.00 40.03 9.60
000015 862.00 128.00 15.55 24.72
000015 771.00 159.00 9.00 42.71
000015 796.00 147.00 9.95 38.62
000015 806.00 158.00 12.44 30.89
000015 601.00 178.00 8.20 46.87
000015 675.00 187.00 7.20 53.38
000015 774.00 157.00 8.64 44.49
000015 796.00 143.00 8.29 46.34
000015 798.00 143.00 9.76 39.38
000015 755.00 158.00 8.96 42.91
000015 855.00 122.00 14.40 26.69
000015 864.00 140.00 21.50 17.88
000015 801.00 49.00 9.00 42.71
000015 769.00 158.00 7.20 53.38
